0.34526
0.348344
0.348342
0.34834
0.348338
0.348336
0.348334
0.348332
0.34833
0.348328
0.348326
0.348324
0.348322
0.34832
0.348318
0.348316
0.348314
0.348312
0.34831
0.348308
0.348306
0.348304
0.348302
0.3483
0.348297
0.348295
0.348293
0.348291
0.348289
0.348287
0.348285
0.348283
0.348281
0.348279
0.348277
0.348275
0.348273
0.348271
0.348269
0.348267
0.348265
0.348263
0.348261
0.348259
0.348257
0.348255
0.348253
0.348251
0.348248
0.348246
0.348244
0.348242
0.34824
0.348238
0.348236
0.348234
0.348232
0.34823
0.348228
0.348226
0.348224
0.348222
0.34822
0.348218
0.348216
0.348214
0.348212
0.34821
0.348208
0.348206
0.348204
0.348202
0.348199
0.348197
0.348195
0.348193
0.348191
0.348189
0.348187
0.348185
0.348183
0.348181
0.348179
0.348177
0.348175
0.348173
0.348171
0.348169
0.348167
0.348165
0.348163
0.348161
0.348159
0.348157
0.348155
0.348153
0.348151
0.348148
0.348146
0.348144
0.348142
0.34814
0.348138
0.348136
0.348134
0.348132
0.34813
0.348128
0.348126
0.348124
0.348122
0.34812
0.348118
0.348116
0.348114
0.348112
0.34811
0.348108
0.348106
0.348104
0.348102
0.3481
0.348097
0.348095
0.348093
0.348091
0.348089
0.348087
0.348085
0.348083
0.348081
0.348079
0.348077
0.348075
0.348073
0.348071
0.348069
0.348067
0.348065
0.348063
0.348061
0.348059
0.348057
0.348055
0.348053
0.348051
0.348049
0.348046
0.348044
0.348042
0.34804
0.348038
0.348036
0.348034
0.348032
0.34803
0.348028
0.348026
0.348024
0.348022
0.34802
0.348018
0.348016
0.348014
0.348012
0.34801
0.348008
0.348006
0.348004
0.348002
0.348
0.347998
0.347996
0.347993
0.347991
0.347989
0.347987
0.347985
0.347983
0.347981
0.347979
0.347977
0.347975
0.347973
0.347971
0.347969
0.347967
0.347965
0.347963
0.347961
0.347959
0.347957
0.347955
0.347953
0.347951
0.347949
0.347947
0.347945
0.347943
0.34794
0.347938
0.347936
0.347934
0.347932
0.34793
0.347928
0.347926
0.347924
0.347922
0.34792
0.347918
0.347916
0.347914
0.347912
0.34791
0.347908
0.347906
0.347904
0.347902
0.3479
0.347898
0.347896
0.347894
0.347892
0.34789
0.347888
0.347885
0.347883
0.347881
0.347879
0.347877
0.347875
0.347873
0.347871
0.347869
0.347867
0.347865
0.347863
0.347861
0.347859
0.347857
0.347855
0.347853
0.347851
0.347849
0.347847
0.347845
0.347843
0.347841
0.347839
0.347837
0.347835
0.347833
0.34783
0.347828
0.347826
0.347824
0.347822
0.34782
0.347818
0.347816
0.347814
0.347812
0.34781
0.347808
0.347806
0.347804
0.347802
0.3478
0.347798
0.347796
0.347794
0.347792
0.34779
0.347788
0.347786
0.347784
0.347782
0.34778
0.347778
0.347776
0.347774
0.347771
0.347769
0.347767
0.347765
0.347763
0.347761
0.347759
0.347757
0.347755
0.347753
0.347751
0.347749
0.347747
0.347745
0.347743
0.347741
0.347739
0.347737
0.347735
0.347733
0.347731
0.347729
0.347727
0.347725
0.347723
0.347721
0.347719
0.347717
0.347715
0.347713
0.347711
0.347708
0.347706
0.347704
0.347702
0.3477
0.347698
0.347696
0.347694
0.347692
0.34769
0.347688
0.347686
0.347684
0.347682
0.34768
0.347678
0.347676
0.347674
0.347672
0.34767
0.347668
0.347666
0.347664
0.347662
0.34766
0.347658
0.347656
0.347654
0.347652
0.34765
0.347648
0.347646
0.347643
0.347641
0.347639
0.347637
0.347635
0.347633
0.347631
0.347629
0.347627
0.347625
0.347623
0.347621
0.347619
0.347617
0.347615
0.347613
0.347611
0.347609
0.347607
0.347605
0.347603
0.347601
0.347599
0.347597
0.347595
0.347593
0.347591
0.347589
0.347587
0.347585
0.347583
0.347581
0.347579
0.347577
0.347575
0.347572
0.34757
0.347568
0.347566
0.347564
0.347562
0.34756
0.347558
0.347556
0.347554
0.347552
0.34755
0.347548
0.347546
0.347544
0.347542
0.34754
0.347538
0.347536
0.347534
0.347532
0.34753
0.347528
0.347526
0.347524
0.347522
0.34752
0.347518
0.347516
0.347514
0.347512
0.34751
0.347508
0.347506
0.347504
0.347502
0.3475
0.347498
0.347496
0.347493
0.347491
0.347489
0.347487
0.347485
0.347483
0.347481
0.347479
0.347477
0.347475
0.347473
0.347471
0.347469
0.347467
0.347465
0.347463
0.347461
0.347459
0.347457
0.347455
0.347453
0.347451
0.347449
0.347447
0.347445
0.347443
0.347441
0.347439
0.347437
0.347435
0.347433
0.347431
0.347429
0.347427
0.347425
0.347423
0.347421
0.347419
0.347417
0.347415
0.347413
0.347411
0.347409
0.347407
0.347405
0.347403
0.3474
0.347398
0.347396
0.347394
0.347392
0.34739
0.347388
0.347386
0.347384
0.347382
0.34738
0.347378
0.347376
0.347374
0.347372
0.34737
0.347368
0.347366
0.347364
0.347362
0.34736
0.347358
0.347356
0.347354
0.347352
0.34735
0.347348
0.347346
0.347344
0.347342
0.34734
0.347338
0.347336
0.347334
0.347332
0.34733
0.347328
0.347326
0.347324
0.347322
0.34732
0.347318
0.347316
0.347314
0.347312
0.34731
0.347308
0.347306
0.347304
0.347302
0.3473
0.347298
0.347296
0.347294
0.347292
0.34729
0.347288
0.347286
0.347284
0.347281
0.347279
0.347277
0.347275
0.347273
0.347271
0.347269
0.347267
0.347265
0.347263
0.347261
0.347259
0.347257
0.347255
0.347253
0.347251
0.347249
0.347247
0.347245
0.347243
0.347241
0.347239
0.347237
0.347235
0.347233
0.347231
0.347229
0.347227
0.347225
0.347223
0.347221
0.347219
0.347217
0.347215
0.347213
0.347211
0.347209
0.347207
0.347205
0.347203
0.347201
0.347199
0.347197
0.347195
0.347193
0.347191
0.347189
0.347187
0.347185
0.347183
0.347181
0.347179
0.347177
0.347175
0.347173
0.347171
0.347169
0.347167
0.347165
0.347163
0.347161
0.347159
0.347157
0.347155
0.347153
0.347151
0.347149
0.347147
0.347145
0.347143
0.347141
0.347139
0.347137
0.347135
0.347133
0.347131
0.347129
0.347127
0.347125
0.347123
0.347121
0.347119
0.347117
0.347115
0.347113
0.347111
0.347109
0.347107
0.347105
0.347103
0.347101
0.347099
0.347097
0.347095
0.347093
0.347091
0.347089
0.347087
0.347085
0.347083
0.347081
0.347079
0.347077
0.347075
0.347073
0.347071
0.347069
0.347067
0.347065
0.347063
0.347061
0.347059
0.347057
0.347055
0.347053
0.347051
0.347049
0.347047
0.347045
0.347043
0.347041
0.347039
0.347037
0.347035
0.347033
0.347031
0.347029
0.347027
0.347025
0.347023
0.347021
0.347019
0.347017
0.347015
0.347013
0.347011
0.347009
0.347007
0.347005
0.347003
0.347001
0.346999
0.346997
0.346995
0.346993
0.346991
0.346989
0.346987
0.346985
0.346983
0.346981
0.346979
0.346977
0.346975
0.346973
0.346971
0.346969
0.346967
0.346965
0.346963
0.346961
0.346959
0.346957
0.346955
0.346953
0.346951
0.346949
0.346947
0.346945
0.346943
0.346941
0.346939
0.346937
0.346935
0.346933
0.346931
0.346929
0.346927
0.346925
0.346923
0.346921
0.34692
0.346918
0.346916
0.346914
0.346912
0.34691
0.346908
0.346906
0.346904
0.346902
0.3469
0.346898
0.346896
0.346894
0.346892
0.34689
0.346888
0.346886
0.346884
0.346882
0.34688
0.346878
0.346876
0.346874
0.346872
0.34687
0.346868
0.346866
0.346864
0.346862
0.34686
0.346858
0.346856
0.346854
0.346852
0.34685
0.346848
0.346846
0.346844
0.346842
0.34684
0.346838
0.346836
0.346835
0.346833
0.346831
0.346829
0.346827
0.346825
0.346823
0.346821
0.346819
0.346817
0.346815
0.346813
0.346811
0.346809
0.346807
0.346805
0.346803
0.346801
0.346799
0.346797
0.346795
0.346793
0.346791
0.346789
0.346787
0.346785
0.346783
0.346781
0.346779
0.346778
0.346776
0.346774
0.346772
0.34677
0.346768
0.346766
0.346764
0.346762
0.34676
0.346758
0.346756
0.346754
0.346752
0.34675
0.346748
0.346746
0.346744
0.346742
0.34674
0.346738
0.346736
0.346734
0.346732
0.34673
0.346729
0.346727
0.346725
0.346723
0.346721
0.346719
0.346717
0.346715
0.346713
0.346711
0.346709
0.346707
0.346705
0.346703
0.346701
0.346699
0.346697
0.346695
0.346693
0.346691
0.346689
0.346687
0.346685
0.346684
0.346682
0.34668
0.346678
0.346676
0.346674
0.346672
0.34667
0.346668
0.346666
0.346664
0.346662
0.34666
0.346658
0.346656
0.346654
0.346652
0.34665
0.346648
0.346646
0.346644
0.346642
0.346641
0.346639
0.346637
0.346635
0.346633
0.346631
0.346629
0.346627
0.346625
0.346623
0.346621
0.346619
0.346617
0.346615
0.346613
0.346611
0.346609
0.346607
0.346605
0.346603
0.346601
0.346599
0.346598
0.346596
0.346594
0.346592
0.34659
0.346588
0.346586
0.346584
0.346582
0.34658
0.346578
0.346576
0.346574
0.346572
0.34657
0.346568
0.346566
0.346564
0.346562
0.34656
0.346558
0.346556
0.346554
0.346553
0.346551
0.346549
0.346547
0.346545
0.346543
0.346541
0.346539
0.346537
0.346535
0.346533
0.346531
0.346529
0.346527
0.346525
0.346523
0.346521
0.346519
0.346517
0.346515
0.346513
0.346511
0.346509
0.346508
0.346506
0.346504
0.346502
0.3465
0.346498
0.346496
0.346494
0.346492
0.34649
0.346488
0.346486
0.346484
0.346482
0.34648
0.346478
0.346476
0.346474
0.346472
0.34647
0.346468
0.346466
0.346465
0.346463
0.346461
0.346459
0.346457
0.346455
0.346453
0.346451
0.346449
0.346447
0.346445
0.346443
0.346441
0.346439
0.346437
0.346435
0.346433
0.346431
0.346429
0.346427
0.346425
0.346424
0.346422
0.34642
0.346418
0.346416
0.346414
0.346412
0.34641
0.346408
0.346406
0.346404
0.346402
0.3464
0.346398
0.346396
0.346394
0.346392
0.34639
0.346388
0.346387
0.346385
0.346383
0.346381
0.346379
0.346377
0.346375
0.346373
0.346371
0.346369
0.346367
0.346365
0.346363
0.346361
0.346359
0.346357
0.346355
0.346353
0.346351
0.34635
0.346348
0.346346
0.346344
